[Baja Resolucion] 10
0.00000298
0.00111973
0.00112271

0.00000718
0.00111104
0.00111822

0.00000304
0.00111906
0.00112210


[Resolucion 4k] 10
0.00000465
0.01925589
0.01926054

0.00000455
0.01905900
0.01906355

0.00000521
0.01919531
0.01920052


[Resolucion 8k] 10
0.00000345
0.07501382
0.07501727

0.00000403
0.07490853
0.07491257

0.00000872
0.07529377
0.07530249

[Baja Resolucion] 24
0.00001118
0.00122031
0.00123148

0.00001119
0.00121125
0.00122244

0.00001153
0.00120584
0.00121737


[Resolucion 4k] 24
0.00000397
0.02156848
0.02157245

0.00000351
0.01909844
0.01910195

0.00000334
0.02154057
0.02154391


[Resolucion 8k] 24
0.00000646
0.07934241
0.07934887

0.00000448
0.08001582
0.08002031

0.00000758
0.07091909
0.07092667

[Baja Resolucion] 32
0.00001604
0.00118501
0.00120105

0.00001117
0.00118522
0.00119640

0.00001555
0.00120477
0.00122032


[Resolucion 4k] 32
0.00000472
0.02434136
0.02434608

0.00000378
0.01912511
0.01912889

0.00000820
0.01905346
0.01906166


[Resolucion 8k] 32
0.00000500
0.07520639
0.07521139

0.00000853
0.08011797
0.08012650

0.00000437
0.07500432
0.07500869

