10
0.00000296
0.00040493
0.00040789

11
0.00000308
0.00041700
0.00042008

12
0.00000368
0.00041571
0.00041938

13
0.00001161
0.00045020
0.00046181

14
0.00001170
0.00045081
0.00046251

15
0.00001185
0.00044190
0.00045375

16
0.00001153
0.00043149
0.00044303

17
0.00001176
0.00043976
0.00045152

18
0.00001349
0.00043971
0.00045320

19
0.00001586
0.00060558
0.00062145

20
0.00001866
0.00052880
0.00054745

21
0.00001155
0.00044239
0.00045393

22
0.00001135
0.00043365
0.00044500

23
0.00001491
0.00043061
0.00044552

24
0.00001094
0.00043907
0.00045001

25
0.00001197
0.00045583
0.00046780

26
0.00001133
0.00044678
0.00045811

27
0.00001147
0.00045017
0.00046164

28
0.00001156
0.00044619
0.00045775

29
0.00001604
0.00305985
0.00047590

30
0.00001119
0.00044761
0.00045880

31
0.00001215
0.00044500
0.00045715

32
0.00001486
0.00044750
0.00046236

